14.1066347802622,6.43986720029845
14.0455204936501,6.6007465577664
13.9863953391949,6.76177768514896
13.932292323403,6.92405093674978
13.8852233352289,7.08807058175787
13.8464821019151,7.25413481282368
13.8169211822856,7.42220389192784
13.7970218516288,7.59153579348837
13.786701362399,7.76168984395494
13.7853987167055,7.9323428105854
13.7921105628694,8.10324811379361
13.8054103070804,8.27405857884284
13.8235920423466,8.44473673557715
13.8453240259083,8.61575361134642
13.8720495181455,8.78731461987938
13.9320680151535,8.95156105341691
13.9876924883511,9.1189747348769
14.0128538481771,9.29550937714455
14.0166116505101,9.47590218087846
14.0092519014247,9.65826394625793
13.9729368908285,9.83901879928077
13.9260726764994,10.0188765407345
13.8838390388585,10.201077196093
13.8425278648489,10.384233382367
13.7992155248899,10.5670772598716
13.7582972215179,10.7498391186186
13.7244206724709,10.9337299973245
13.6973877163417,11.1186384501531
13.6712942155372,11.3041648638456
13.6378289743853,11.4895896558437
13.589164704747,11.6722309044911
13.5211836614294,11.8440599168747
13.4287359645299,12.0084348150277
13.314937917559,12.1572634774188
13.1829326003254,12.2888209352733
13.0373999774352,12.4037530912349
12.883589035777,12.5052270248079
12.7245583726011,12.5976664032907
12.5621172086015,12.6847939409252
12.4060140854303,12.7824880346361
12.291179376687,12.9255511916694
12.1425071128227,13.0315428685682
11.974316889622,13.0994780231055
11.8019093385597,13.1511417215454
11.6299818711115,13.2007189313273
11.4759094322817,13.2908140624366
11.3203347940496,13.3782337045119
11.157447904906,13.4507016364651
10.9940919693391,13.5206108561811
10.8229653820864,13.5665624150615
10.6493124470476,13.6014647215001
10.4730869680291,13.6179635709242
10.2965970616538,13.6180104904196
10.1207978213983,13.610539979388
9.94521715902824,13.6067948832865
9.76990898524672,13.6153654730265
9.59637784878378,13.6379108689809
9.42553550949819,13.6722641383971
9.25738035599717,13.7153659181852
9.09153078581121,13.7643745611655
8.92770504126185,13.8174158076213
8.77146262953228,13.871744942104
8.61077280258933,13.9313329729609
8.45112927720365,13.9939133986928
8.29221773613881,14.058719733969
8.1337909472109,14.1250538181471
7.9760706742608,14.1930850453488
7.81769402068401,14.2596972575113
7.65364220377131,14.3098781779444
7.48421925106093,14.3334742825587
7.31381451342721,14.3391553103947
7.14469022149411,14.3251133919043
6.97956371551729,14.2914307637056
6.81977194642382,14.2414390312132
6.66606989585742,14.1775140195776
6.5184409335777,14.1022679599105
6.37222161305609,14.0253948839208
6.21727039299488,13.9679063369063
6.0540260499391,13.9394026449141
5.8890454450548,13.919115178513
5.72366632289024,13.8983666847808
5.55684845866493,13.8916933500205
5.38976223633794,13.8908067930297
5.22477407960032,13.8642872605761
5.06439265265333,13.8180846985451
4.91122351537419,13.752167678673
4.76736201223604,13.6679701037998
4.63211549640468,13.570777808656
4.47099845185984,13.5278967412612
4.30518928758123,13.5101268837712
4.13839726001125,13.5058817963774
3.97930113360199,13.514132302215
3.81330205390189,13.5354538107611
3.64875641169291,13.568312588105
3.48553337276458,13.6099740368677
3.32244593729982,13.655039596602
3.15694591956313,13.6953935336533
2.98718343291749,13.7218383166326
2.81399692914713,13.7275103480437
2.64051470314198,13.7103677952334
2.46966763123232,13.6714763214706
2.30412702330442,13.6111784639113
2.14742462361223,13.5287080711789
2.00382904623418,13.4247748385826
1.87532737633102,13.3029575345593
1.759139434137,13.1699479469172
1.64600278682042,13.0350858712031
1.52441920232646,12.9092037315246
1.39348656668367,12.7945498873961
1.26207426248706,12.6810348018458
1.13547103682929,12.5619462493863
1.01731844407122,12.4340439823852
0.911537956675721,12.2957190931205
0.815948701347536,12.1500740562378
0.719213597714066,12.0049955087359
0.608516614477417,11.8703224062727
0.482361844011374,11.7505399674212
0.353923062780737,11.6333959139562
0.236059853518943,11.5055474061599
0.136435932070275,11.3630682038328
0.0559982518366891,11.2091193905721
-0.00641337977185123,11.0578609120042
-0.0636892002258202,10.89517088623
-0.110297504781556,10.7301237432607
-0.134459812791943,10.5615019905069
-0.149087738356468,10.392674088281
-0.180360888712921,10.2264643356338
-0.24165639229782,10.069203219961
-0.364634921027484,9.95424974792036
-0.465734833453555,9.81925868170245
-0.568199292746174,9.68452425275157
-0.653159151892445,9.53730677062259
-0.722841318760538,9.38173474921131
-0.759853440668209,9.21469155094747
-0.807825384443844,9.04964748092576
-0.884102558136311,8.89475166113095
-0.984027360625524,8.75389656044493
-1.10997559773718,8.63588264501841
-1.23535644227699,8.51678076601038
-1.34496112665899,8.38213551787181
-1.4408741166598,8.23666485777798
-1.53796109328176,8.091313958835
-1.63732077324365,7.94655033551176
-1.7200270106062,7.79055224285733
-1.77951028042186,7.62366110800726
-1.8135787949584,7.44925745277016
-1.818343442421,7.27120558957789
-1.79271190206066,7.09472618728025
-1.74616217191149,6.92306589991751
-1.68572991315264,6.75656456366993
-1.61638315368293,6.59416224087482
-1.55086880167053,6.44252069966614
-1.49519103446511,6.27735498403099
-1.48799567735687,6.10442420932744
-1.53971176173817,5.94052685479691
-1.57357462173858,5.77261005406548
-1.60161789748216,5.60394252754095
-1.61866119458962,5.43378618756432
-1.61733437037713,5.2625354048444
-1.59439587580486,5.09240603787911
-1.54146819890256,4.92859979367951
-1.46381446878565,4.77439659068807
-1.37355145206109,4.62654927426898
-1.28193981166081,4.4788316749628
-1.18677215470775,4.33290715087674
-1.08515142519679,4.19144646334449
-0.98011917344782,4.05299523798121
-0.875316608876038,3.91516966617637
-0.77094815428784,3.77743371781862
-0.665573236700884,3.64085705680448
-0.559405214267406,3.5055977335285
-0.458382310606112,3.36703376612383
-0.350315542701275,3.23481949044748
-0.249687279600936,3.09695526369218
-0.150550313976027,2.95852240658995
-0.0523288634441924,2.82012012568513
0.045090412428099,2.68172837665233
0.141609029559473,2.54290964566134
0.236843214239561,2.40336838126837
0.330349784448846,2.26288325556438
0.421823704672335,2.12114679904176
0.506136702173674,1.98557180501767
0.591071534701719,1.83967460321047
0.659575107787341,1.6851723387793
0.697279450875132,1.52025364008124
0.758469814501515,1.36173146282086
0.834254472508507,1.2089270375602
0.92502311247901,1.063618255305
1.02968138120967,0.926528590017469
1.13400182500918,0.787785665863956
1.21352774935139,0.632817511684097
1.28849182289282,0.475221527766028
1.365877923253,0.318370945116853
1.44982618779473,0.164513571728845
1.54499687718214,0.0171904973231614
1.65541746939758,-0.118618256639447
1.78293359217525,-0.237811477334452
1.9260788753132,-0.33668255557946
2.081047178672,-0.4138940485099
2.24355529445618,-0.469676547657544
2.41066145376153,-0.504147621407204
2.57986374609077,-0.516526410033369
2.74845346034483,-0.508495434898662
2.91479646397998,-0.486995122064265
3.07991931909242,-0.461666470497587
3.24542990002915,-0.440932490486103
3.41183100576836,-0.430286532260316
3.57646859822274,-0.45596645732414
3.72370312969876,-0.533464991406564
3.88822472389191,-0.556797526477547
4.05340354268983,-0.574257207965859
4.18628590149584,-0.66063312947775
4.32387184533424,-0.753994238233267
4.47078764962621,-0.832282674562291
4.62776074956734,-0.888370662564005
4.79119799930709,-0.921237105807568
4.9571230279702,-0.936684115615777
5.12329019490677,-0.947211546517805
5.28841115221592,-0.966160144683603
5.45120460102615,-0.998129256044748
5.61204703143934,-1.03867666367824
5.77299574596363,-1.07989312944697
5.93566509037988,-1.11463250141321
6.10044676136311,-1.1384590318192
6.26668951204528,-1.15031482246182
6.4335418746553,-1.15296795944898
6.60065290858947,-1.15341934254223
6.76780006356972,-1.16306361793163
6.93211314417895,-1.19711742879794
7.08341536150013,-1.27055404230091
7.20563385007506,-1.38663311698305
7.3083610288168,-1.52156433042254
7.43689831985204,-1.63522152923419
7.59157797863739,-1.71412695803873
7.75668552689735,-1.77339665505911
7.92892069297744,-1.81455449363069
8.10640196364575,-1.83601116682857
8.28660228256236,-1.83609877601795
8.46552850161647,-1.80416027177263
8.63412618797303,-1.73493253067715
8.79109668046884,-1.64008477195725
8.93180619509124,-1.53428584573215
9.07588061865464,-1.42161675846298
9.21909168290303,-1.30846465468153
9.36180444589798,-1.19530165250031
9.50515660357705,-1.08433559284415
9.64978310782097,-0.976591807283225
9.79525969795488,-0.87152713309689
9.9401549266696,-0.767238332815119
10.0823469660301,-0.661732334010241
10.220524028421,-0.553102948990238
10.3541560048667,-0.440083216560887
10.4832867459452,-0.322533364621945
10.6084881107966,-0.201651229497634
10.7313948361249,-0.0792524386513316
10.8545526866782,0.0425689116137164
10.9810487646953,0.161102108968297
11.1141588025905,0.272066800907328
11.2563357597777,0.370738548927738
11.4064113520685,0.456774760854973
11.5623690989869,0.532407952810763
11.7246824182797,0.594578301132973
11.8886080743907,0.653389172805602
12.0533365565477,0.711012315248769
12.2098038371201,0.788828303375483
12.3349401302257,0.911678515330079
12.4259219395748,1.06144963892052
12.5320698901631,1.20053228239342
12.6572662710558,1.32216113277583
12.7859997984536,1.43935033893437
12.9126301806474,1.55916841871818
13.030075691274,1.68405369338662
13.1394963593502,1.82124209896766
13.2364975864261,1.96765571787122
13.3224770566769,2.12075525443878
13.4022130925436,2.2769133095572
13.480791855597,2.43308957723219
13.560068325952,2.58809294422434
13.6391229066909,2.74225418202724
13.7224170025583,2.89323559829931
13.8236203367528,3.0318736542525
13.9374302496023,3.15955664113286
14.0519061896749,3.28682217710849
14.1625764918694,3.41829829546937
14.2579783938002,3.56201385093125
14.3312258174762,3.71865851993254
14.3858201996517,3.88313844382627
14.4195621876482,4.05341334327566
14.4254331009515,4.2267342514634
14.4126744263292,4.39945691603121
14.3661454656741,4.56577909400282
14.3230051470646,4.73315208500036
14.3078129369041,4.90564002791948
14.3048159277425,5.07923196694803
14.3059815537435,5.25341928066917
14.3054591009145,5.42801879828203
14.3130444923525,5.60245635454998
14.3034179723794,5.77640166353056
14.2569918153048,5.94370938770054
14.2167613250913,6.11232387074104
14.1654347699358,6.27752110540696
