13.6554028741562,6.1935350861885
13.4880733392825,6.21278222222373
13.54464131635,6.37876937378701
13.5680334834711,6.55779299324797
13.5440013056086,6.7380393543464
13.481347047372,6.90831630868646
13.3673274903496,7.05650660651759
13.3397319276599,7.23967536578336
13.4438434378771,7.38471872416916
13.4692575816172,7.55916850524255
13.611095464978,7.66457334409565
13.5220433751506,7.82208917810819
13.6287159160609,7.96734429940564
13.6350703880888,8.15013457250309
13.5933092914906,8.32825075862089
13.4993813834711,8.48286891719458
13.3715392782692,8.60970920349687
13.2172588609608,8.70175539767426
13.0719072248177,8.80891659555551
13.1585448438932,8.96553467639328
13.2454605922123,9.12114556165301
13.2309720820127,9.29855448643606
13.1946335859605,9.47267795857108
13.1164451724723,9.63360729630141
12.9867792304784,9.75636095765858
13.0083064993205,9.93420180667029
13.0469458870954,10.1089310002909
13.0653276438015,10.2869840841501
13.0281806404741,10.4625616377258
12.9532793066172,10.6291951839678
12.8591214069206,10.7833937400581
12.7444192624715,10.9207459639606
12.6083649875772,11.0442656699008
12.4590953068107,11.1546270688401
12.2884771617535,11.2225051569875
12.1912509396039,11.3782828104758
12.105518948469,11.5337116566168
12.0464309934542,11.7060636911066
12.0519785311407,11.888053139107
11.997393193005,12.0639402113956
11.9060336186943,12.2238129812713
11.7897314064684,12.3668759866765
11.65210067601,12.4878557735312
11.4960919996558,12.5810932497404
11.3264563915123,12.6432838625919
11.1521625765452,12.6804266955964
10.9778895846696,12.6929174427604
10.8046964474603,12.6756633978012
10.6555868726703,12.7596088283027
10.5957232642186,12.5979045112225
10.5061695065962,12.7476174098842
10.3898539517713,12.8794406912024
10.251737793966,12.9864735000033
10.0982039223733,13.066538717715
10.051153390763,13.2342363638272
9.92066334471686,13.1177922943204
9.74590932573494,13.1283727795232
9.57655090070429,13.0852306448938
9.40137246806344,13.0977622671685
9.33704846008676,12.9365276439995
9.21605363553014,13.0620044315613
9.07018112878602,13.142558877917
8.89796936647264,13.2025964486361
8.72298780809849,13.2432422302691
8.54507705484045,13.2650179839834
8.37427319655544,13.3209238218122
8.28058728916236,13.4743833071176
8.1742787689322,13.6235568553144
8.02102370688819,13.7232084770152
7.85861186074393,13.8038022528585
7.68232258606071,13.8443169001556
7.5041478069912,13.862280871257
7.32730638131159,13.8545338455755
7.15678460767267,13.8211192732424
6.99666807002489,13.7585863324353
6.84913481092413,13.6723765115936
6.73875732709172,13.5440604352622
6.63720043887896,13.4060741190823
6.49251498099591,13.3131216822097
6.3288945775859,13.2600997282473
6.16927150739893,13.3285755121587
6.00393475344992,13.384663962737
5.82723579008928,13.376269966373
5.65350040960739,13.3383991346368
5.49250432870673,13.2628630300576
5.33575097782322,13.1781303730004
5.1697515280155,13.2379622528242
4.99260069515032,13.240104410159
4.81518124342228,13.209978374975
4.63998928339665,13.1698647444219
4.45977388010269,13.1363322125354
4.2883553323988,13.1019576332251
4.10869722052963,13.0584154493851
3.93071503689359,13.0067290323158
3.75517550783728,12.9469923551368
3.58126579788939,12.8811910986214
3.4085947419712,12.8102696767427
3.24069937725759,12.7327302351884
3.07726968538952,12.6509168110473
2.98470911769003,12.4957380719372
2.8056692223153,12.4840891547465
2.64256991523601,12.5580799780744
2.46452067948471,12.5878539581277
2.28458365646969,12.5719801428733
2.11658364620784,12.5074517718989
1.966689882156,12.4088603100263
1.83863661512313,12.2830920977984
1.74056947081531,12.1332156602598
1.68232218381446,11.9645315209342
1.65928502669854,11.7863674708113
1.56503273118979,11.631882539691
1.6982580696834,11.5162272133273
1.78025523168624,11.3624409135206
1.61461590525186,11.3141271059064
1.51177067380309,11.1729577032726
1.46545877500022,11.3335616602233
1.30301518576191,11.2725783078462
1.12690599361867,11.2934679975379
0.947682960416622,11.2730878567109
0.778102685484612,11.2092928122644
0.629553096771377,11.0985287726559
0.498489743895289,10.9854174442018
0.383828881646913,10.8410720983395
0.29558230145368,10.6795566020072
0.23517399804135,10.5048048555508
0.190623049527482,10.3249565587411
0.168322704000532,10.1423688474259
0.22680979524063,9.96877194577937
0.144995672646569,9.8012522824937
0.0760808099502551,9.62907289116309
0.0447668416981603,9.44646279786158
0.0324456728214315,9.26076837098606
0.0297311507999679,9.07450751438488
0.0389120004557525,8.88834042721777
0.0711484136723155,8.70646407328887
0.0730638275792093,8.52128733423511
0.0442835252263786,8.33723129966878
0.00961096685223034,8.15292086980734
-0.0206579486475023,7.96219949611882
-0.0400424731408052,7.76797496664203
-0.0373016122929393,7.56882440538891
-0.150556224345358,7.40809525811805
-0.256417968716947,7.24155400674272
-0.334597052239802,7.05887540302709
-0.392937995320013,6.86996041144738
-0.556309048687626,6.75884626008481
-0.710501075273998,6.63733515314742
-0.843601808111472,6.5033276258049
-0.947616866993255,6.34779102768585
-1.10762082450912,6.25664996248284
-1.22764779920384,6.11249887804668
-1.31794350101586,5.96220034385161
-1.37092067736967,5.78151437175504
-1.38394998090559,5.59328786432773
-1.36147900116567,5.40445574589256
-1.29338777274153,5.22472216567081
-1.18435169878301,5.0661732557682
-1.04504409983679,4.93404910839786
-0.890515460420771,4.81860274637106
-0.70469609266802,4.75283424814448
-0.517349834071869,4.69370480884239
-0.348205713543713,4.77964956549069
-0.175435574105268,4.73437099890439
-0.0227964492010819,4.63918510955458
0.141994135115144,4.57217656666401
0.307358598647556,4.51934766526408
0.474868146274774,4.47870024997025
0.518644326165551,4.31158843555596
0.575993222181948,4.14824552154068
0.698913023940538,4.0235772269912
0.866394607032662,3.98548178511879
0.907306409029643,3.81984701742806
0.865263890146402,3.65422001775934
0.850686835422445,3.48672454073683
0.830234395944829,3.31972410028367
0.790893707495241,3.15475446275774
0.755868238218712,2.98816070294765
0.643334694018089,2.86146633031285
0.630017743873042,2.6911576407112
0.557007109585977,2.53559102466245
0.505446932889294,2.3695393078521
0.483813333425443,2.20660633289679
0.494634118714958,2.03143344251827
0.542857158414323,1.86093224374412
0.621680331506935,1.70279534455566
0.726173517671329,1.55968151247872
0.855572062926939,1.43805584104451
1.00144084144753,1.33415977636425
1.16286069798801,1.26035076260582
1.33529690309077,1.22130249857221
1.4502389646224,1.09004475059722
1.46362632083208,0.922383082157227
1.53331627507718,0.764910680432711
1.6316720884177,0.624639775778605
1.75235797052284,0.502466362548304
1.89146271052569,0.400504792062193
2.04499734393172,0.32216345749086
2.20863265169313,0.265833154168133
2.38032676751354,0.230842666245852
2.55588532768176,0.216979424113368
2.73226971073411,0.221212598355173
2.90158114585868,0.273778717970226
3.07748784188345,0.249650956435648
3.24572857413831,0.187106265485472
3.41868935213701,0.152794651533203
3.58916338960181,0.130540656146158
3.75875506449348,0.122545746325074
3.92737041243065,0.139376160064995
4.08996943881028,0.183981405456199
4.23686492367401,0.267046325436364
4.38367022302872,0.17538860285346
4.52679806387292,0.0865451920175825
4.68177096251033,-0.00108541835486403
4.84099223633237,-0.0903860447920737
5.00271273781852,-0.173215717057137
5.17596744407844,-0.21894744651567
5.23757589667667,-0.388840829810006
5.32744586575209,-0.544346927729706
5.45076022658556,-0.674074958534901
5.59901731078838,-0.77470873522176
5.76560739518892,-0.843423032876946
5.94318110968962,-0.878021537797415
6.1258590061955,-0.878781766606399
6.30512042455043,-0.845480008038844
6.46968313330493,-0.781628138196157
6.6165948240276,-0.68729089395685
6.73248286934833,-0.558568873496774
6.81983149135597,-0.410995887788909
6.86279688225992,-0.245979930665337
7.00490494090831,-0.332126614230925
7.14209499750291,-0.237050415084148
7.29399722328387,-0.165835144660302
7.4201051872387,-0.0569277228495136
7.5343827701594,0.064474947365476
7.69056120190493,0.121199195660477
7.85959150240344,0.113636144014759
8.02251403815704,0.0604716240594671
8.18106479152323,0.121093760452931
8.29331954913293,-0.00205261271263803
8.44812402214979,-0.0657256530369169
8.60984132469023,-0.111375577822699
8.76738769251829,-0.146703636301312
8.93503602747611,-0.131972954248559
9.10038180106522,-0.0984866526422653
9.25725387056693,-0.0347635463904837
9.39903216692067,0.0589372902220295
9.51957571244434,0.181112874358706
9.6150797446982,0.330099969414007
9.66904137595808,0.495564106326344
9.6813458684627,0.671133248556664
9.62637877291522,0.836427917956215
9.78147338024647,0.915748049487555
9.95519686195352,0.903056932179213
10.1232889632146,0.9536875347601
10.207797311988,0.80796644605829
10.3744962218106,0.85458875514291
10.5187696390758,0.752976190174919
10.6952007230364,0.723282484941889
10.873995121858,0.749220397329972
11.041546298399,0.817325057198503
11.1998459272951,0.904861042263264
11.3465072885677,1.00958348153861
11.4758230753465,1.13502428310178
11.5769247128803,1.28453386650811
11.6456693782051,1.4511408226573
11.682406253805,1.62836577651802
11.6773156142986,1.81180412957662
11.6163493952929,1.98363480545201
11.7858847087509,2.04717791007219
11.9165819734874,2.16890819976812
12.0072935321283,2.32306593060228
12.0967779934022,2.47271936023459
12.2249068729867,2.59883654580529
12.4007699139365,2.63116653475988
12.5664416940376,2.57401616345684
12.7450676588679,2.58097230460873
12.9186494434772,2.63060495776858
13.080819344771,2.71256113930346
13.2288730160252,2.81737724553002
13.3553233546884,2.94529234184696
13.4542891184452,3.09541768963912
13.5172556349753,3.26351485097269
13.538967411074,3.44178099823514
13.5151123550613,3.62138181053389
13.4465993761746,3.7887247913039
13.3454991013939,3.93835005578155
13.2229494817429,4.06794504572784
13.3935774177124,4.12175260378284
13.4139263474409,4.2963725901491
13.4789227621389,4.45955831975892
13.4770069358023,4.6382432484931
13.4241864236084,4.80946962787937
13.5860202299099,4.73861864462332
13.6312313713008,4.91233811314881
13.7325089690232,5.05748451819331
13.7797527248468,5.2283949587206
13.7832404733858,5.40653358884563
13.747742071735,5.5815523158224
13.6852471493488,5.74527832992149
13.6016018273903,5.89880288655182
13.714071053323,6.03050268487277
