13.5360064089317,6.47185107589051
13.6232335631635,6.61939665981924
13.6912484756826,6.77687609000823
13.7392193498853,6.94191203283774
13.7513607946043,7.11249421123651
13.7265344169729,7.28103732890953
13.6645575931501,7.44036407469177
13.5477152089856,7.56503233995646
13.5494471247332,7.73535216140374
13.5851593729287,7.90141367232776
13.552297335816,8.07282767559545
13.4933701894089,8.23715740001099
13.41776236447,8.39581681210258
13.3212683927907,8.54421096907026
13.1940623115735,8.66931143032855
13.0450392797434,8.77263008245955
12.9983536328898,8.95237944572082
12.9479739520847,9.13525348679036
13.1220513345141,9.19552081332351
13.1052402710273,9.37664057880048
13.1263633112221,9.55375516404254
13.1160027809617,9.7301838444059
13.0792375243538,9.90198041666748
13.0131111925132,10.0654596191278
12.9161747827657,10.2113711691725
12.7906119735595,10.3305558532545
12.6476802722032,10.4243985892254
12.4973495726513,10.5093974233642
12.4634489995534,10.6769610508771
12.2934158092475,10.7045211555885
12.1491288115304,10.8035228229997
12.0787610281397,10.9602781692204
12.0789568979242,11.1371146582283
12.1365246879085,11.3060250817919
12.1388079189187,11.4868394047443
12.0911227370565,11.6602388226578
12.010130005483,11.8217743477751
11.9039381498696,11.9681126158601
11.7750593082633,12.0961270662196
11.6248020795441,12.199695607238
11.4597084459198,12.2753435471348
11.2831146095286,12.3143549674452
11.1028121255703,12.309102377692
10.9324677332732,12.2550822739868
10.7795707829826,12.1632862829118
10.6596072007472,12.0312237003585
10.4810444854115,12.0590932312652
10.3118455469125,12.1104370700591
10.1392682557643,12.1352254144712
9.96690380279334,12.1367599893316
9.79299324139282,12.1349754249479
9.63377426829082,12.2065966468358
9.47830549359353,12.2859072471366
9.3063356258755,12.3227834570192
9.29172372305915,12.4954106950415
9.2316307504415,12.6549146285142
9.15967242700604,12.8087025026569
9.05256830414266,12.9409796437758
8.92598812787507,13.056363288857
8.77114185037823,13.1315236787801
8.6033939675538,13.1727109999469
8.43956537115291,13.1624810575445
8.41767961713867,13.3338990500969
8.31378434106364,13.4713774977378
8.17424879926186,13.5731905974758
8.01129109489983,13.6290435327334
7.84010932576801,13.6426292957141
7.67006556080912,13.6285931076219
7.50409969712599,13.5914176965369
7.34604529795658,13.5300089725712
7.19838881992253,13.4480787764266
7.0595624751489,13.3499737046518
6.94524006328936,13.2192763482646
6.7705135148912,13.1799436232762
6.61153244770253,13.2585697065237
6.44540860924805,13.3189002654004
6.27176615003222,13.3504901926897
6.10293720882673,13.3135166168123
5.93347634849288,13.3066080699593
5.78983844027289,13.3964405736789
5.6238760078785,13.3537405367184
5.4643189907592,13.2958609155959
5.31467281615507,13.2177198512505
5.17730457334067,13.1218243500713
5.06619126436401,12.9963360224333
4.90868755893624,12.9506607999988
4.83174386544084,12.8091872219402
4.69790443446622,12.8984053485233
4.53857763131541,12.9057667139439
4.61838948631902,13.04600514284
4.45343953759353,13.0558897122904
4.33866749700825,13.1612004210551
4.18934676837996,13.2298343975378
4.02200393738916,13.2507304624361
3.85486768207097,13.2344188847074
3.69296149655389,13.1920749659225
3.53859259606517,13.1258806944119
3.40365868540099,13.0223570495781
3.29973094664956,12.8876296732337
3.22658863997479,12.7336059126718
3.17437908515215,12.5689638919628
3.14368946125088,12.3975326145779
2.97223962020157,12.339606303897
2.79484083931746,12.2902807157205
2.61285510200932,12.2859164372425
2.44083215201348,12.238612735967
2.28244622210959,12.159685212218
2.14577881279786,12.0469472279894
2.05601640686752,11.8939685745221
1.97657782073818,11.7346932166145
1.79997680503157,11.7103472803332
1.62298374973478,11.6741629918418
1.47462213719113,11.5744910216993
1.33846411838911,11.4481782492053
1.23184435271329,11.2937810047693
1.0551885871344,11.3411022520109
0.873983008285669,11.3543620261903
0.69545678375,11.3223326536382
0.523584676174347,11.2595305669784
0.365147557035461,11.1639551462375
0.223697875037216,11.04066068169
0.117017380930067,10.900439030432
0.0315820631010437,10.7323298227293
-0.0289643754941614,10.5532331669508
-0.0465347712781763,10.3654091840344
-0.0493830129602823,10.1782479408608
-0.229005427932869,10.1389572783101
-0.217444627586796,9.95469287753232
-0.380429282169377,9.87252688363936
-0.49717235014859,9.73379664287557
-0.568460733671983,9.56648363317623
-0.614529018302633,9.39500422548505
-0.636769141601117,9.2165233660012
-0.631190418023486,9.03486637116248
-0.609301780839131,8.85329313490561
-0.571160277852714,8.67454286179842
-0.526524229428937,8.49628373881722
-0.656609634478916,8.35908605073968
-0.799330698491257,8.2375744316159
-0.963235185597829,8.15869937610956
-1.11616326600351,8.05852254509091
-1.23603796916257,7.92123374410127
-1.3348964751897,7.76734276326328
-1.39994738374157,7.59567041540129
-1.42986869170879,7.41426976216459
-1.42479360800559,7.231693887709
-1.38537344891391,7.0533942976794
-1.31437576947459,6.8846301507618
-1.21082172470393,6.73315055831075
-1.0769376743519,6.60761871730312
-0.911750079755103,6.52168386057533
-0.739565292615288,6.48469331073301
-0.596246934425385,6.35057250141794
-0.424175773677869,6.24839728850548
-0.256272179559764,6.14119921986592
-0.0899584343635591,6.03415933448744
0.0746353495033881,5.93318603718753
0.24635467988948,5.85096121832846
0.320229735671621,5.67812698946568
0.420615989021412,5.52079076881599
0.48858896250171,5.34616060577469
0.473697598631326,5.16073888297699
0.433298783625925,4.97958932841277
0.394041492390188,4.79927590185599
0.279598482590733,4.65889154823043
0.172274961835838,4.51790965248039
0.0898771178106813,4.36403103363305
0.0315075444936007,4.2026839255639
-0.00318675941734671,4.03557642081882
-0.00744581185638786,3.86541793112663
0.0196800747574301,3.69771660129704
0.09505524522438,3.54555140888544
0.132452639498395,3.3810144354449
0.029452186987892,3.24553319546653
0.197521085826041,3.25035629905005
0.194179201929762,3.08266592225169
0.202224832580702,2.91398424439294
0.252673656358109,2.75194976702861
0.32544129355385,2.59780519270144
0.416594139155601,2.4545986636485
0.53704784526406,2.33158033204788
0.668822008814356,2.23923733900019
0.660047300989974,2.07215655696408
0.621650322732841,1.90899991674325
0.622782729274974,1.73677860405395
0.636321825440456,1.56557975431555
0.664148844840803,1.39068716970296
0.705898606586978,1.21687825109144
0.773151075933795,1.05123192868333
0.873876735890492,0.904097165504605
0.997020523581078,0.775823872240075
1.15083292078915,0.69294972094315
1.3103777774298,0.633576529658358
1.46881344550111,0.566240467376227
1.53048638320445,0.398579930360978
1.60100477225671,0.233622985317614
1.70166951966944,0.0829860319094216
1.83241107819252,-0.0451182862371609
1.98894683814984,-0.141005637278363
2.16304662478312,-0.202257690938961
2.34602475914891,-0.230347042717139
2.53179533690311,-0.223369377873094
2.70912653704157,-0.167866183408785
2.86198562056693,-0.0619792154984688
3.04224104010045,-0.00730278859658122
3.22536350337118,0.0396101911036299
3.40898019542584,0.0809540153340917
3.59470282459755,0.111540887345562
3.77987198294483,0.0989856978753482
3.93729340424365,0.00804973361120334
4.10801948386194,-0.0551114560823407
4.27297652101032,-0.106855124668038
4.45347648658343,-0.144089368036956
4.55479437368524,-0.300547470426296
4.66157867751864,-0.457713128473953
4.74445798643702,-0.631690191121429
4.92038522082301,-0.716615705343884
5.11336867157293,-0.761373378839709
5.07323391683321,-0.954372557465914
5.24213241448303,-1.05646570825536
5.37652470002309,-1.19849460751064
5.55384625659094,-1.27991577446088
5.72800451158112,-1.36402470800546
5.91778374403681,-1.3371013162021
6.10605898975681,-1.31447072374427
6.28808872882966,-1.28048042300009
6.45703651544515,-1.21449582781453
6.59761993479329,-1.10226512676471
6.77614411883253,-1.0773268802914
6.74791367674037,-0.902736029167339
6.92643793792635,-0.928266429399896
7.10816586772113,-0.926057309640603
7.26902315381105,-0.85503069075158
7.39497592495422,-0.73496405744026
7.53014082331759,-0.842505185340604
7.69692039799629,-0.789672455355351
7.86881864334075,-0.764174170494257
8.03337300459497,-0.707274196044973
8.18906500233872,-0.625576708566845
8.32840844603436,-0.518484765443205
8.44600363990209,-0.388919925383044
8.54240745160525,-0.253314983497283
8.62310726017422,-0.0997257331777779
8.72306306201272,-0.239969301108391
8.89557729767467,-0.231182200888124
9.06930162758732,-0.241992138230331
9.24616730409273,-0.222573181458278
9.41283117129076,-0.167210422312832
9.56960981767194,-0.0845995251423345
9.71249805955282,0.0189423548241855
9.83948499064047,0.140274120509573
9.94527016244564,0.280021818423106
10.0249003581919,0.434886523732025
10.0623542155723,0.60485072903191
10.2290515003736,0.643792761786007
10.3857415331278,0.713548773326816
10.5289507936299,0.809982676731445
10.6645451087221,0.918212617343194
10.7897632459018,1.03724024100642
10.9068236226811,1.16412664777749
11.0110543082651,1.30138306875861
11.0757904611746,1.46237678328095
11.1724691545703,1.60861543696545
11.296212995252,1.48603212763608
11.4567435228101,1.4192559487357
11.6267240679925,1.39125844417187
11.7985320760215,1.40742640359276
11.9641786389753,1.45745712358766
12.1178590109638,1.53783261492176
12.2514918456194,1.64875509870513
12.3647163429624,1.78198294548243
12.4519434895534,1.92836796030729
12.5149718337966,2.09104984615578
12.5544653029399,2.2612767427893
12.5525356842729,2.43533039790539
12.5315355272359,2.60868859296257
12.4164026702813,2.74221541544389
12.4143646466467,2.92245418666179
12.4533786417447,3.10479116893039
12.5740788742834,3.2497552171601
12.7520141266639,3.29614426273431
12.8924196572184,3.41327260907421
13.0190315929893,3.54408897840082
13.1270339942473,3.69055067353084
13.2094865717014,3.85340115756211
13.2587724444555,4.03000936255928
13.2760938466842,4.21526117111031
13.270525044435,4.40371134139184
13.2387351996934,4.58936701390263
13.3613286273716,4.7290474473268
13.2368454764564,4.86304335131699
13.3700519362663,4.98599569155607
13.4985560352802,5.11337404087877
13.620919549404,5.2458236635759
13.7113057449428,5.40231454573211
13.7607779680701,5.577993918808
13.7692526407927,5.75938270408526
13.7451518604362,5.93752266213462
13.6877421568237,6.1089335952809
13.5656656074865,6.24016287020629
13.4180627499127,6.34034288154624
