14.4087389627536,6.28035064941172
14.380803385661,6.45466620862438
14.414482032298,6.62691402688363
14.411986788055,6.80152353011966
14.3874963344382,6.97377031715852
14.3539818206924,7.14335219038251
14.2892065694312,7.30241955272281
14.2343490809009,7.46448134747059
14.1991289974934,7.63130396422727
14.1477400752032,7.79364240355652
14.085324971064,7.95174308332944
14.0267953790596,8.11091333797463
13.9787153903317,8.27354867795919
13.9377137239198,8.43857334514195
13.8933509742591,8.60290747773896
13.8358036240445,8.76309820061703
13.7729023934084,8.9213394160947
13.7134705998065,9.0807967317047
13.6560763779637,9.24072087863874
13.5981859380261,9.40009894334055
13.5414211639002,9.55917516999586
13.4885498650391,9.71884507850809
13.4394223760674,9.87915555307966
13.3898768895974,10.0388799957418
13.333768789657,10.1958465457652
13.2654163626781,10.347742559352
13.181086565401,10.4916468684477
13.0797357303575,10.6242607352864
12.9634905270382,10.7439590757949
12.8374806427059,10.8533663150286
12.7093501256897,10.9599026182054
12.5902271207324,11.0711774849502
12.4818805246412,11.1967942323105
12.3842981062055,11.330553661525
12.2856073009284,11.463801673702
12.1762362511732,11.5887195957809
12.0559175922825,11.7034298553995
11.9298602181472,11.8125459301369
11.8033279526336,11.9223984480144
11.6802778398533,12.0370064499351
11.5636690782441,12.1590968146931
11.4585596011348,12.2923955203155
11.3759768874273,12.4417087849819
11.3507154630234,12.6108880585858
11.2937263972703,12.7733041237622
11.2093661519011,12.9239940537438
11.1058608794835,13.0628031615777
10.9865030141697,13.1885063925038
10.8561545226744,13.302816118079
10.7138403619116,13.4025027451288
10.558633371246,13.481878907212
10.3930099690043,13.5356823021226
10.2257109194142,13.584061015776
10.0570052878624,13.6269476387723
9.88959681943076,13.6748021714677
9.72575710129103,13.7340210960204
9.56449529668958,13.800658650509
9.4041678439974,13.8706904966164
9.24326843647002,13.9404981875655
9.08064791251209,14.0072426601175
8.91596054518329,14.070090807857
8.75664333611334,14.1286703258285
8.59225110460691,14.1923089312456
8.43180973255797,14.2650302926988
8.27823502579252,14.3512419078965
8.1329058636593,14.4509920718697
7.99429582253189,14.5602535894832
7.8577687163935,14.6727832328387
7.7174839487235,14.782754681566
7.57018969279196,14.8864578656187
7.42348127862261,14.9941431511396
7.26669659835932,15.0906049796275
7.09548578770908,15.1637412750443
6.91396985867259,15.2111116335408
6.725787512002,15.2198326731919
6.55079521172751,15.1519791865499
6.38189563840565,15.0715412792601
6.19906738504645,15.033791215346
6.02973730236285,14.9605219728417
5.87263924627954,14.8682956923875
5.7137587410406,14.7832298135803
5.55469813677008,14.7015429527799
5.39690444730795,14.6189709701531
5.23698496461807,14.5420257565353
5.07036661271043,14.4823968237375
4.89706557455442,14.4479000503363
4.72189337911233,14.4259546856783
4.54885081899608,14.3934157816156
4.38018010835858,14.3453798451516
4.21805871744362,14.2814386668971
4.06407196483736,14.2025403645892
3.92620524194277,14.1147046690178
3.79843177655757,14.0021851022132
3.68658972823756,13.8755234242851
3.57602417657799,13.7489299676781
3.44713849763237,13.6413396696912
3.29841749861766,13.5628623541383
3.14083457619847,13.5027097024313
2.98120091461868,13.4459915694246
2.82410329671434,13.3803803289424
2.66804033417278,13.3109864253337
2.52345312912244,13.2196546865283
2.38954686814755,13.1130823795855
2.28420101697732,12.9781374047132
2.1752330566312,12.8460602436127
2.05950661097946,12.7203017294691
1.93964861772885,12.5989435264539
1.81382156346806,12.4840832476324
1.68164943616465,12.3768466406968
1.542813756482,12.2790058848526
1.39645511606437,12.1935832210992
1.24493231832806,12.1180395130833
1.09613720090114,12.037234766467
0.953890004177354,11.9453377807117
0.820490503372898,11.8407286783359
0.698086893367136,11.7228556437717
0.585702657304442,11.5945575153517
0.479436356422916,11.460696335713
0.373640047183254,11.325897921318
0.265588988148569,11.1920814242444
0.156063763342083,11.0585034516483
0.0511773853384869,10.9328259275761
-0.0624786506702905,10.8016991296588
-0.180108908301384,10.6738983864748
-0.302121260573276,10.5503969161486
-0.427698255765887,10.4308732689123
-0.554817841545945,10.3130357554036
-0.680292314026615,10.1928122713987
-0.799728920673042,10.0657495262554
-0.908358608702804,9.92852143329076
-1.0019797837511,9.77979841553536
-1.07692073820537,9.62021372100856
-1.12968497671074,9.45170648489633
-1.15772997484973,9.27782803372233
-1.16196457882515,9.1025803555125
-1.14727466129286,8.92899696011337
-1.12040992620106,8.7581068613334
-1.08759104735461,8.58918990348763
-1.0540239916222,8.4208935693103
-1.02973929001592,8.25141896125163
-1.06759059229728,8.08372373789568
-1.07321509596186,7.91193630414875
-1.05612076779893,7.74074212230005
-1.06421465957184,7.5683014284885
-1.13071136172672,7.40844781864858
-1.19618725879186,7.24784932117595
-1.23544101182825,7.07837647634566
-1.24665184493755,6.90445108045956
-1.21720475387882,6.73263192114437
-1.16547467442286,6.56646947003269
-1.09486730642716,6.40757443309704
-1.00712395841044,6.26930858462474
-0.978277147308563,6.09716052097233
-1.01394779277121,5.92568602141272
-1.0851042700152,5.76507782460177
-1.16277823922922,5.60661120680255
-1.23283913779629,5.44369990707569
-1.28229489878655,5.27211093103124
-1.29759711059666,5.09311340928407
-1.29128409606511,4.91217760814985
-1.26047932005845,4.73290605652655
-1.22026589539285,4.55450298592835
-1.19852199855307,4.37158121469172
-1.19181897743044,4.18566868781275
-1.20125952384718,3.99782324479005
-1.22795118524068,3.80955214249277
-1.2713995645841,3.62211417754969
-1.32948622236351,3.43621972134689
-1.39315389044345,3.24995337938298
-1.44910673851105,3.0594993287665
-1.50764573375599,2.86836489802422
-1.5311435394813,2.66816420351813
-1.49162379248063,2.46918070674779
-1.41770897892913,2.2805412018206
-1.31039935562061,2.10979926948316
-1.17745431354654,1.95976927402151
-1.02142689857922,1.83703299306653
-0.848591557799647,1.74463123962995
-0.664140132499047,1.68787015087032
-0.47518771253507,1.67060342192555
-0.288545844676906,1.67590808286823
-0.115112289467249,1.67679105222025
0.0656713641533738,1.65325949340593
0.242224847385728,1.61429486886875
0.41412139363496,1.56190341657028
0.579436538135595,1.49377758908102
0.735322708407048,1.40743957634469
0.878865282335205,1.30206023434367
1.00805421991419,1.17931624092642
1.12242660178025,1.04294027812994
1.22366979074138,0.896445685842294
1.31426420058281,0.742485532490143
1.39649288495764,0.582782948520458
1.47184968829052,0.418616113211779
1.54155251271449,0.250930510209358
1.60786757935251,0.0809522593064544
1.67549071232487,-0.0894109630201783
1.75115554611763,-0.256792009066002
1.84278961134268,-0.416096780598686
1.95675488684757,-0.560198221541917
2.0917943511133,-0.684307313286957
2.24272541511605,-0.787492697243112
2.40597901627418,-0.867795702237354
2.57882765416413,-0.92113895105915
2.75698506363843,-0.946293620217763
2.93617538243331,-0.943231923180584
3.11355835740108,-0.920257761413861
3.29139046384641,-0.901600249534065
3.46993825432112,-0.893597227150805
3.64840483331256,-0.901748909601835
3.82441581633677,-0.933806824123587
3.98471820060112,-0.99044170935966
4.14128730845278,-1.07697100946544
4.28424665878063,-1.18426656137604
4.41334663532119,-1.30758691192955
4.56544578158466,-1.40166611816571
4.72710098533315,-1.47742457730815
4.89519622568342,-1.53568497118874
5.06894812557778,-1.57367452780371
5.24551539747563,-1.59640345386394
5.42277827659713,-1.60701447473324
5.59977409470907,-1.60715204105142
5.7761307627344,-1.59913550886937
5.95196651795604,-1.58620408170288
6.12745450994019,-1.57123937720879
6.30272541156963,-1.55557459054733
6.47792011988252,-1.53864241542713
6.65295598694818,-1.51844267876348
6.82710244736341,-1.49249654837471
6.99947936729951,-1.45884748015043
7.16964053421496,-1.4168133816372
7.33753339917282,-1.36744025939551
7.50353733114583,-1.31357347739279
7.66884611421174,-1.25947392321891
7.83496435953536,-1.21037974045342
8.00299013678457,-1.1717438169425
8.17301014264655,-1.14901292338794
8.34387989830384,-1.14998742719601
8.51146696183195,-1.18213701630625
8.67589452243227,-1.22855861348569
8.84397035119748,-1.26261166324247
9.00946210286079,-1.2734356005916
9.18145307468002,-1.25915012850583
9.35039766801925,-1.22302473204713
9.51387851331253,-1.16743424071134
9.67040901105263,-1.09511556284798
9.81873310138019,-1.00775911666119
9.95615779981793,-0.904953182916589
10.0855916250802,-0.792647603406864
10.2233558743138,-0.690497389175729
10.375659185517,-0.610484504653601
10.5380641481332,-0.55244002219608
10.7062036068304,-0.51053170982423
10.8742872937635,-0.463831368180407
11.0340275809384,-0.390502574864636
11.1849766529639,-0.298990579984147
11.3265235454885,-0.193095591889217
11.454325610677,-0.0709098013439767
11.5655863379707,0.0661632286009879
11.6565934252292,0.216402067225511
11.7229422245931,0.377761238562757
11.7706301058516,0.544328859099995
11.8091328997507,0.71219843724845
11.8532559673356,0.877664588596623
11.9065680209728,1.0394425065781
11.9647556901354,1.19905519228676
12.0237235977124,1.35816113418508
12.0825453089015,1.51701563699936
12.1427809826996,1.67486091876196
12.2073123699304,1.83065500330376
12.2791284053874,1.98289385239733
12.3588633866056,2.12706787307843
12.450436476894,2.26787664765865
12.5511380731709,2.40222360283608
12.6589453192376,2.53101252797037
12.7717258936593,2.65547643313551
12.8876578970802,2.77683023259002
13.0055082371622,2.89641840875717
13.1243650916614,3.01548056081246
13.243236014983,3.13474133379732
13.3613999538551,3.25461542425444
13.4787940336772,3.37540137803411
13.5957440012249,3.49690936918066
13.7129804969103,3.61861186447015
13.8310376994263,3.73948212594681
13.9505963917598,3.85898062159831
14.0720311574749,3.97724709329495
14.1946022237567,4.09541212842347
14.3179631123566,4.21405702703345
14.4531481220688,4.32108228276356
14.582323293135,4.43787353037806
14.679274748729,4.58494658455237
14.7476482783776,4.74940404901384
14.7928279562957,4.92336019961155
14.8084837375509,5.1034737322963
14.8023462401292,5.28484991185721
14.7741996792773,5.46420178511183
14.7239000509079,5.63834168830553
14.6537456324365,5.80475932051717
14.5715636392549,5.96432441361059
14.484228477992,6.11987582092016
